0.000000000000000000e+00 0.000000000000000000e+00
1.000000000000000000e+00 3.141592653589793116e+00
2.000000000000000000e+00 6.283185307179586232e+00
3.000000000000000000e+00 9.424777960769379348e+00
4.000000000000000000e+00 1.256637061435917246e+01
5.000000000000000000e+00 1.570796326794896558e+01
6.000000000000000000e+00 1.884955592153875870e+01
7.000000000000000000e+00 2.199114857512855181e+01
8.000000000000000000e+00 2.513274122871834493e+01
9.000000000000000000e+00 2.827433388230813804e+01
1.000000000000000000e+01 3.141592653589793116e+01
1.100000000000000000e+01 3.455751918948772072e+01
1.200000000000000000e+01 3.769911184307751739e+01
1.300000000000000000e+01 4.084070449666731406e+01
1.400000000000000000e+01 4.398229715025710362e+01
1.500000000000000000e+01 4.712388980384689319e+01
1.600000000000000000e+01 5.026548245743668986e+01
1.700000000000000000e+01 5.340707511102648652e+01
1.800000000000000000e+01 5.654866776461627609e+01
1.900000000000000000e+01 5.969026041820606565e+01
2.000000000000000000e+01 6.283185307179586232e+01
2.100000000000000000e+01 6.597344572538565899e+01
2.200000000000000000e+01 6.911503837897544145e+01
2.300000000000000000e+01 7.225663103256523812e+01
2.400000000000000000e+01 7.539822368615503478e+01
2.500000000000000000e+01 7.853981633974483145e+01
2.600000000000000000e+01 8.168140899333462812e+01
2.700000000000000000e+01 8.482300164692441058e+01
2.800000000000000000e+01 8.796459430051420725e+01
2.900000000000000000e+01 9.110618695410400392e+01
3.000000000000000000e+01 9.424777960769378637e+01
3.100000000000000000e+01 9.738937226128358304e+01
3.200000000000000000e+01 1.005309649148733797e+02
3.300000000000000000e+01 1.036725575684631764e+02
3.400000000000000000e+01 1.068141502220529730e+02
3.500000000000000000e+01 1.099557428756427555e+02
3.600000000000000000e+01 1.130973355292325522e+02
3.700000000000000000e+01 1.162389281828223488e+02
3.800000000000000000e+01 1.193805208364121313e+02
3.900000000000000000e+01 1.225221134900019280e+02
4.000000000000000000e+01 1.256637061435917246e+02
4.100000000000000000e+01 1.288052987971815071e+02
4.200000000000000000e+01 1.319468914507713180e+02
4.300000000000000000e+01 1.350884841043611004e+02
4.400000000000000000e+01 1.382300767579508829e+02
4.500000000000000000e+01 1.413716694115406938e+02
4.600000000000000000e+01 1.445132620651304762e+02
4.700000000000000000e+01 1.476548547187202871e+02
4.800000000000000000e+01 1.507964473723100696e+02
4.900000000000000000e+01 1.539380400258998520e+02
5.000000000000000000e+01 1.570796326794896629e+02
5.100000000000000000e+01 1.602212253330794454e+02
5.200000000000000000e+01 1.633628179866692562e+02
5.300000000000000000e+01 1.665044106402590387e+02
5.400000000000000000e+01 1.696460032938488212e+02
5.500000000000000000e+01 1.727875959474386320e+02
5.600000000000000000e+01 1.759291886010284145e+02
5.700000000000000000e+01 1.790707812546181970e+02
5.800000000000000000e+01 1.822123739082080078e+02
5.900000000000000000e+01 1.853539665617977903e+02
6.000000000000000000e+01 1.884955592153875727e+02
6.100000000000000000e+01 1.916371518689773836e+02
6.200000000000000000e+01 1.947787445225671661e+02
6.300000000000000000e+01 1.979203371761569770e+02
6.400000000000000000e+01 2.010619298297467594e+02
6.500000000000000000e+01 2.042035224833365419e+02
6.600000000000000000e+01 2.073451151369263528e+02
6.700000000000000000e+01 2.104867077905161352e+02
6.800000000000000000e+01 2.136283004441059461e+02
6.900000000000000000e+01 2.167698930976957286e+02
7.000000000000000000e+01 2.199114857512855110e+02
7.100000000000000000e+01 2.230530784048753219e+02
7.200000000000000000e+01 2.261946710584651044e+02
7.300000000000000000e+01 2.293362637120548868e+02
7.400000000000000000e+01 2.324778563656446977e+02
7.500000000000000000e+01 2.356194490192344801e+02
7.600000000000000000e+01 2.387610416728242626e+02
7.700000000000000000e+01 2.419026343264140735e+02
7.800000000000000000e+01 2.450442269800038559e+02
7.900000000000000000e+01 2.481858196335936668e+02
8.000000000000000000e+01 2.513274122871834493e+02
8.100000000000000000e+01 2.544690049407732317e+02
8.200000000000000000e+01 2.576105975943630142e+02
8.300000000000000000e+01 2.607521902479528535e+02
8.400000000000000000e+01 2.638937829015426360e+02
8.500000000000000000e+01 2.670353755551324184e+02
8.600000000000000000e+01 2.701769682087222009e+02
8.700000000000000000e+01 2.733185608623119833e+02
8.800000000000000000e+01 2.764601535159017658e+02
8.900000000000000000e+01 2.796017461694916051e+02
9.000000000000000000e+01 2.827433388230813875e+02
9.100000000000000000e+01 2.858849314766711700e+02
9.200000000000000000e+01 2.890265241302609525e+02
9.300000000000000000e+01 2.921681167838507349e+02
9.400000000000000000e+01 2.953097094374405742e+02
9.500000000000000000e+01 2.984513020910303567e+02
9.600000000000000000e+01 3.015928947446201391e+02
9.700000000000000000e+01 3.047344873982099216e+02
9.800000000000000000e+01 3.078760800517997041e+02
9.900000000000000000e+01 3.110176727053895434e+02
